000000000000000000000000000000000000000000000000000000000000000000000000
000000001111111111111111000000000000000000000000110000000000000000000000
000000001110000000000000000000000110000000000000110000000000000000000000
000000001100011111111100000000000010000000000000110000000000000000000000
000000011000110000000110000000011111110000001111111111000000000000000000
000000011000111111111110000000000000110000011000110000110000000000000000
000000011000110000000110000000000001100000011111111111110000000000000000
000000111000111111111110000000000111000000011000110000110000000000000000
000000110000000001100000000000011101100000011111111111110000000000000000
000000110000000001100000000001110110111000000000110000000000000000000000
000000110001100001100001000000000110000000000000110000000000000000000000
000000110011000001100001110000000110000000000000110000000000000000000000
000001110000000001100000000000000110000000000000110000000000000000000000
000001100000000101100000000000000110000000000000110000000000000000000000
000001000000000011100000000000000010000000000000110000000000000000000000
000000000000000000000000000000000000000000000000010000000000000000000000
000000000000000000000000000000000000000000000000000000000000000000000000
000000000000000000000000000000000000000000000000000000000000000000000000
000000000000000000000000000000000000000000000000000000000000000000000000